density = 2800
specificHeat = 795
thickness = 1
thermalConductivity = 143
time = 10000
cfl = 0.5
nElem = 1800
5e 1 1 2 32
5e 2 2 33 32
5e 3 2 3 33
5e 4 3 34 33
5e 5 3 4 34
5e 6 4 35 34
5e 7 4 5 35
5e 8 5 36 35
5e 9 5 6 36
5e 10 6 37 36
5e 11 6 7 37
5e 12 7 38 37
5e 13 7 8 38
5e 14 8 39 38
5e 15 8 9 39
5e 16 9 40 39
5e 17 9 10 40
5e 18 10 41 40
5e 19 10 11 41
5e 20 11 42 41
5e 21 11 12 42
5e 22 12 43 42
5e 23 12 13 43
5e 24 13 44 43
5e 25 13 14 44
5e 26 14 45 44
5e 27 14 15 45
5e 28 15 46 45
5e 29 15 16 46
5e 30 16 47 46
5e 31 16 17 47
5e 32 17 48 47
5e 33 17 18 48
5e 34 18 49 48
5e 35 18 19 49
5e 36 19 50 49
5e 37 19 20 50
5e 38 20 51 50
5e 39 20 21 51
5e 40 21 52 51
5e 41 21 22 52
5e 42 22 53 52
5e 43 22 23 53
5e 44 23 54 53
5e 45 23 24 54
5e 46 24 55 54
5e 47 24 25 55
5e 48 25 56 55
5e 49 25 26 56
5e 50 26 57 56
5e 51 26 27 57
5e 52 27 58 57
5e 53 27 28 58
5e 54 28 59 58
5e 55 28 29 59
5e 56 29 60 59
5e 57 29 30 60
5e 58 30 61 60
5e 59 30 31 61
5e 60 31 62 61
5e 61 32 33 63
5e 62 33 64 63
5e 63 33 34 64
5e 64 34 65 64
5e 65 34 35 65
5e 66 35 66 65
5e 67 35 36 66
5e 68 36 67 66
5e 69 36 37 67
5e 70 37 68 67
5e 71 37 38 68
5e 72 38 69 68
5e 73 38 39 69
5e 74 39 70 69
5e 75 39 40 70
5e 76 40 71 70
5e 77 40 41 71
5e 78 41 72 71
5e 79 41 42 72
5e 80 42 73 72
5e 81 42 43 73
5e 82 43 74 73
5e 83 43 44 74
5e 84 44 75 74
5e 85 44 45 75
5e 86 45 76 75
5e 87 45 46 76
5e 88 46 77 76
5e 89 46 47 77
5e 90 47 78 77
5e 91 47 48 78
5e 92 48 79 78
5e 93 48 49 79
5e 94 49 80 79
5e 95 49 50 80
5e 96 50 81 80
5e 97 50 51 81
5e 98 51 82 81
5e 99 51 52 82
5e 100 52 83 82
5e 101 52 53 83
5e 102 53 84 83
5e 103 53 54 84
5e 104 54 85 84
5e 105 54 55 85
5e 106 55 86 85
5e 107 55 56 86
5e 108 56 87 86
5e 109 56 57 87
5e 110 57 88 87
5e 111 57 58 88
5e 112 58 89 88
5e 113 58 59 89
5e 114 59 90 89
5e 115 59 60 90
5e 116 60 91 90
5e 117 60 61 91
5e 118 61 92 91
5e 119 61 62 92
5e 120 62 93 92
5e 121 63 64 94
5e 122 64 95 94
5e 123 64 65 95
5e 124 65 96 95
5e 125 65 66 96
5e 126 66 97 96
5e 127 66 67 97
5e 128 67 98 97
5e 129 67 68 98
5e 130 68 99 98
5e 131 68 69 99
5e 132 69 100 99
5e 133 69 70 100
5e 134 70 101 100
5e 135 70 71 101
5e 136 71 102 101
5e 137 71 72 102
5e 138 72 103 102
5e 139 72 73 103
5e 140 73 104 103
5e 141 73 74 104
5e 142 74 105 104
5e 143 74 75 105
5e 144 75 106 105
5e 145 75 76 106
5e 146 76 107 106
5e 147 76 77 107
5e 148 77 108 107
5e 149 77 78 108
5e 150 78 109 108
5e 151 78 79 109
5e 152 79 110 109
5e 153 79 80 110
5e 154 80 111 110
5e 155 80 81 111
5e 156 81 112 111
5e 157 81 82 112
5e 158 82 113 112
5e 159 82 83 113
5e 160 83 114 113
5e 161 83 84 114
5e 162 84 115 114
5e 163 84 85 115
5e 164 85 116 115
5e 165 85 86 116
5e 166 86 117 116
5e 167 86 87 117
5e 168 87 118 117
5e 169 87 88 118
5e 170 88 119 118
5e 171 88 89 119
5e 172 89 120 119
5e 173 89 90 120
5e 174 90 121 120
5e 175 90 91 121
5e 176 91 122 121
5e 177 91 92 122
5e 178 92 123 122
5e 179 92 93 123
5e 180 93 124 123
5e 181 94 95 125
5e 182 95 126 125
5e 183 95 96 126
5e 184 96 127 126
5e 185 96 97 127
5e 186 97 128 127
5e 187 97 98 128
5e 188 98 129 128
5e 189 98 99 129
5e 190 99 130 129
5e 191 99 100 130
5e 192 100 131 130
5e 193 100 101 131
5e 194 101 132 131
5e 195 101 102 132
5e 196 102 133 132
5e 197 102 103 133
5e 198 103 134 133
5e 199 103 104 134
5e 200 104 135 134
5e 201 104 105 135
5e 202 105 136 135
5e 203 105 106 136
5e 204 106 137 136
5e 205 106 107 137
5e 206 107 138 137
5e 207 107 108 138
5e 208 108 139 138
5e 209 108 109 139
5e 210 109 140 139
5e 211 109 110 140
5e 212 110 141 140
5e 213 110 111 141
5e 214 111 142 141
5e 215 111 112 142
5e 216 112 143 142
5e 217 112 113 143
5e 218 113 144 143
5e 219 113 114 144
5e 220 114 145 144
5e 221 114 115 145
5e 222 115 146 145
5e 223 115 116 146
5e 224 116 147 146
5e 225 116 117 147
5e 226 117 148 147
5e 227 117 118 148
5e 228 118 149 148
5e 229 118 119 149
5e 230 119 150 149
5e 231 119 120 150
5e 232 120 151 150
5e 233 120 121 151
5e 234 121 152 151
5e 235 121 122 152
5e 236 122 153 152
5e 237 122 123 153
5e 238 123 154 153
5e 239 123 124 154
5e 240 124 155 154
5e 241 125 126 156
5e 242 126 157 156
5e 243 126 127 157
5e 244 127 158 157
5e 245 127 128 158
5e 246 128 159 158
5e 247 128 129 159
5e 248 129 160 159
5e 249 129 130 160
5e 250 130 161 160
5e 251 130 131 161
5e 252 131 162 161
5e 253 131 132 162
5e 254 132 163 162
5e 255 132 133 163
5e 256 133 164 163
5e 257 133 134 164
5e 258 134 165 164
5e 259 134 135 165
5e 260 135 166 165
5e 261 135 136 166
5e 262 136 167 166
5e 263 136 137 167
5e 264 137 168 167
5e 265 137 138 168
5e 266 138 169 168
5e 267 138 139 169
5e 268 139 170 169
5e 269 139 140 170
5e 270 140 171 170
5e 271 140 141 171
5e 272 141 172 171
5e 273 141 142 172
5e 274 142 173 172
5e 275 142 143 173
5e 276 143 174 173
5e 277 143 144 174
5e 278 144 175 174
5e 279 144 145 175
5e 280 145 176 175
5e 281 145 146 176
5e 282 146 177 176
5e 283 146 147 177
5e 284 147 178 177
5e 285 147 148 178
5e 286 148 179 178
5e 287 148 149 179
5e 288 149 180 179
5e 289 149 150 180
5e 290 150 181 180
5e 291 150 151 181
5e 292 151 182 181
5e 293 151 152 182
5e 294 152 183 182
5e 295 152 153 183
5e 296 153 184 183
5e 297 153 154 184
5e 298 154 185 184
5e 299 154 155 185
5e 300 155 186 185
5e 301 156 157 187
5e 302 157 188 187
5e 303 157 158 188
5e 304 158 189 188
5e 305 158 159 189
5e 306 159 190 189
5e 307 159 160 190
5e 308 160 191 190
5e 309 160 161 191
5e 310 161 192 191
5e 311 161 162 192
5e 312 162 193 192
5e 313 162 163 193
5e 314 163 194 193
5e 315 163 164 194
5e 316 164 195 194
5e 317 164 165 195
5e 318 165 196 195
5e 319 165 166 196
5e 320 166 197 196
5e 321 166 167 197
5e 322 167 198 197
5e 323 167 168 198
5e 324 168 199 198
5e 325 168 169 199
5e 326 169 200 199
5e 327 169 170 200
5e 328 170 201 200
5e 329 170 171 201
5e 330 171 202 201
5e 331 171 172 202
5e 332 172 203 202
5e 333 172 173 203
5e 334 173 204 203
5e 335 173 174 204
5e 336 174 205 204
5e 337 174 175 205
5e 338 175 206 205
5e 339 175 176 206
5e 340 176 207 206
5e 341 176 177 207
5e 342 177 208 207
5e 343 177 178 208
5e 344 178 209 208
5e 345 178 179 209
5e 346 179 210 209
5e 347 179 180 210
5e 348 180 211 210
5e 349 180 181 211
5e 350 181 212 211
5e 351 181 182 212
5e 352 182 213 212
5e 353 182 183 213
5e 354 183 214 213
5e 355 183 184 214
5e 356 184 215 214
5e 357 184 185 215
5e 358 185 216 215
5e 359 185 186 216
5e 360 186 217 216
5e 361 187 188 218
5e 362 188 219 218
5e 363 188 189 219
5e 364 189 220 219
5e 365 189 190 220
5e 366 190 221 220
5e 367 190 191 221
5e 368 191 222 221
5e 369 191 192 222
5e 370 192 223 222
5e 371 192 193 223
5e 372 193 224 223
5e 373 193 194 224
5e 374 194 225 224
5e 375 194 195 225
5e 376 195 226 225
5e 377 195 196 226
5e 378 196 227 226
5e 379 196 197 227
5e 380 197 228 227
5e 381 197 198 228
5e 382 198 229 228
5e 383 198 199 229
5e 384 199 230 229
5e 385 199 200 230
5e 386 200 231 230
5e 387 200 201 231
5e 388 201 232 231
5e 389 201 202 232
5e 390 202 233 232
5e 391 202 203 233
5e 392 203 234 233
5e 393 203 204 234
5e 394 204 235 234
5e 395 204 205 235
5e 396 205 236 235
5e 397 205 206 236
5e 398 206 237 236
5e 399 206 207 237
5e 400 207 238 237
5e 401 207 208 238
5e 402 208 239 238
5e 403 208 209 239
5e 404 209 240 239
5e 405 209 210 240
5e 406 210 241 240
5e 407 210 211 241
5e 408 211 242 241
5e 409 211 212 242
5e 410 212 243 242
5e 411 212 213 243
5e 412 213 244 243
5e 413 213 214 244
5e 414 214 245 244
5e 415 214 215 245
5e 416 215 246 245
5e 417 215 216 246
5e 418 216 247 246
5e 419 216 217 247
5e 420 217 248 247
5e 421 218 219 249
5e 422 219 250 249
5e 423 219 220 250
5e 424 220 251 250
5e 425 220 221 251
5e 426 221 252 251
5e 427 221 222 252
5e 428 222 253 252
5e 429 222 223 253
5e 430 223 254 253
5e 431 223 224 254
5e 432 224 255 254
5e 433 224 225 255
5e 434 225 256 255
5e 435 225 226 256
5e 436 226 257 256
5e 437 226 227 257
5e 438 227 258 257
5e 439 227 228 258
5e 440 228 259 258
5e 441 228 229 259
5e 442 229 260 259
5e 443 229 230 260
5e 444 230 261 260
5e 445 230 231 261
5e 446 231 262 261
5e 447 231 232 262
5e 448 232 263 262
5e 449 232 233 263
5e 450 233 264 263
5e 451 233 234 264
5e 452 234 265 264
5e 453 234 235 265
5e 454 235 266 265
5e 455 235 236 266
5e 456 236 267 266
5e 457 236 237 267
5e 458 237 268 267
5e 459 237 238 268
5e 460 238 269 268
5e 461 238 239 269
5e 462 239 270 269
5e 463 239 240 270
5e 464 240 271 270
5e 465 240 241 271
5e 466 241 272 271
5e 467 241 242 272
5e 468 242 273 272
5e 469 242 243 273
5e 470 243 274 273
5e 471 243 244 274
5e 472 244 275 274
5e 473 244 245 275
5e 474 245 276 275
5e 475 245 246 276
5e 476 246 277 276
5e 477 246 247 277
5e 478 247 278 277
5e 479 247 248 278
5e 480 248 279 278
5e 481 249 250 280
5e 482 250 281 280
5e 483 250 251 281
5e 484 251 282 281
5e 485 251 252 282
5e 486 252 283 282
5e 487 252 253 283
5e 488 253 284 283
5e 489 253 254 284
5e 490 254 285 284
5e 491 254 255 285
5e 492 255 286 285
5e 493 255 256 286
5e 494 256 287 286
5e 495 256 257 287
5e 496 257 288 287
5e 497 257 258 288
5e 498 258 289 288
5e 499 258 259 289
5e 500 259 290 289
5e 501 259 260 290
5e 502 260 291 290
5e 503 260 261 291
5e 504 261 292 291
5e 505 261 262 292
5e 506 262 293 292
5e 507 262 263 293
5e 508 263 294 293
5e 509 263 264 294
5e 510 264 295 294
5e 511 264 265 295
5e 512 265 296 295
5e 513 265 266 296
5e 514 266 297 296
5e 515 266 267 297
5e 516 267 298 297
5e 517 267 268 298
5e 518 268 299 298
5e 519 268 269 299
5e 520 269 300 299
5e 521 269 270 300
5e 522 270 301 300
5e 523 270 271 301
5e 524 271 302 301
5e 525 271 272 302
5e 526 272 303 302
5e 527 272 273 303
5e 528 273 304 303
5e 529 273 274 304
5e 530 274 305 304
5e 531 274 275 305
5e 532 275 306 305
5e 533 275 276 306
5e 534 276 307 306
5e 535 276 277 307
5e 536 277 308 307
5e 537 277 278 308
5e 538 278 309 308
5e 539 278 279 309
5e 540 279 310 309
5e 541 280 281 311
5e 542 281 312 311
5e 543 281 282 312
5e 544 282 313 312
5e 545 282 283 313
5e 546 283 314 313
5e 547 283 284 314
5e 548 284 315 314
5e 549 284 285 315
5e 550 285 316 315
5e 551 285 286 316
5e 552 286 317 316
5e 553 286 287 317
5e 554 287 318 317
5e 555 287 288 318
5e 556 288 319 318
5e 557 288 289 319
5e 558 289 320 319
5e 559 289 290 320
5e 560 290 321 320
5e 561 290 291 321
5e 562 291 322 321
5e 563 291 292 322
5e 564 292 323 322
5e 565 292 293 323
5e 566 293 324 323
5e 567 293 294 324
5e 568 294 325 324
5e 569 294 295 325
5e 570 295 326 325
5e 571 295 296 326
5e 572 296 327 326
5e 573 296 297 327
5e 574 297 328 327
5e 575 297 298 328
5e 576 298 329 328
5e 577 298 299 329
5e 578 299 330 329
5e 579 299 300 330
5e 580 300 331 330
5e 581 300 301 331
5e 582 301 332 331
5e 583 301 302 332
5e 584 302 333 332
5e 585 302 303 333
5e 586 303 334 333
5e 587 303 304 334
5e 588 304 335 334
5e 589 304 305 335
5e 590 305 336 335
5e 591 305 306 336
5e 592 306 337 336
5e 593 306 307 337
5e 594 307 338 337
5e 595 307 308 338
5e 596 308 339 338
5e 597 308 309 339
5e 598 309 340 339
5e 599 309 310 340
5e 600 310 341 340
5e 601 311 312 342
5e 602 312 343 342
5e 603 312 313 343
5e 604 313 344 343
5e 605 313 314 344
5e 606 314 345 344
5e 607 314 315 345
5e 608 315 346 345
5e 609 315 316 346
5e 610 316 347 346
5e 611 316 317 347
5e 612 317 348 347
5e 613 317 318 348
5e 614 318 349 348
5e 615 318 319 349
5e 616 319 350 349
5e 617 319 320 350
5e 618 320 351 350
5e 619 320 321 351
5e 620 321 352 351
5e 621 321 322 352
5e 622 322 353 352
5e 623 322 323 353
5e 624 323 354 353
5e 625 323 324 354
5e 626 324 355 354
5e 627 324 325 355
5e 628 325 356 355
5e 629 325 326 356
5e 630 326 357 356
5e 631 326 327 357
5e 632 327 358 357
5e 633 327 328 358
5e 634 328 359 358
5e 635 328 329 359
5e 636 329 360 359
5e 637 329 330 360
5e 638 330 361 360
5e 639 330 331 361
5e 640 331 362 361
5e 641 331 332 362
5e 642 332 363 362
5e 643 332 333 363
5e 644 333 364 363
5e 645 333 334 364
5e 646 334 365 364
5e 647 334 335 365
5e 648 335 366 365
5e 649 335 336 366
5e 650 336 367 366
5e 651 336 337 367
5e 652 337 368 367
5e 653 337 338 368
5e 654 338 369 368
5e 655 338 339 369
5e 656 339 370 369
5e 657 339 340 370
5e 658 340 371 370
5e 659 340 341 371
5e 660 341 372 371
5e 661 342 343 373
5e 662 343 374 373
5e 663 343 344 374
5e 664 344 375 374
5e 665 344 345 375
5e 666 345 376 375
5e 667 345 346 376
5e 668 346 377 376
5e 669 346 347 377
5e 670 347 378 377
5e 671 347 348 378
5e 672 348 379 378
5e 673 348 349 379
5e 674 349 380 379
5e 675 349 350 380
5e 676 350 381 380
5e 677 350 351 381
5e 678 351 382 381
5e 679 351 352 382
5e 680 352 383 382
5e 681 352 353 383
5e 682 353 384 383
5e 683 353 354 384
5e 684 354 385 384
5e 685 354 355 385
5e 686 355 386 385
5e 687 355 356 386
5e 688 356 387 386
5e 689 356 357 387
5e 690 357 388 387
5e 691 357 358 388
5e 692 358 389 388
5e 693 358 359 389
5e 694 359 390 389
5e 695 359 360 390
5e 696 360 391 390
5e 697 360 361 391
5e 698 361 392 391
5e 699 361 362 392
5e 700 362 393 392
5e 701 362 363 393
5e 702 363 394 393
5e 703 363 364 394
5e 704 364 395 394
5e 705 364 365 395
5e 706 365 396 395
5e 707 365 366 396
5e 708 366 397 396
5e 709 366 367 397
5e 710 367 398 397
5e 711 367 368 398
5e 712 368 399 398
5e 713 368 369 399
5e 714 369 400 399
5e 715 369 370 400
5e 716 370 401 400
5e 717 370 371 401
5e 718 371 402 401
5e 719 371 372 402
5e 720 372 403 402
5e 721 373 374 404
5e 722 374 405 404
5e 723 374 375 405
5e 724 375 406 405
5e 725 375 376 406
5e 726 376 407 406
5e 727 376 377 407
5e 728 377 408 407
5e 729 377 378 408
5e 730 378 409 408
5e 731 378 379 409
5e 732 379 410 409
5e 733 379 380 410
5e 734 380 411 410
5e 735 380 381 411
5e 736 381 412 411
5e 737 381 382 412
5e 738 382 413 412
5e 739 382 383 413
5e 740 383 414 413
5e 741 383 384 414
5e 742 384 415 414
5e 743 384 385 415
5e 744 385 416 415
5e 745 385 386 416
5e 746 386 417 416
5e 747 386 387 417
5e 748 387 418 417
5e 749 387 388 418
5e 750 388 419 418
5e 751 388 389 419
5e 752 389 420 419
5e 753 389 390 420
5e 754 390 421 420
5e 755 390 391 421
5e 756 391 422 421
5e 757 391 392 422
5e 758 392 423 422
5e 759 392 393 423
5e 760 393 424 423
5e 761 393 394 424
5e 762 394 425 424
5e 763 394 395 425
5e 764 395 426 425
5e 765 395 396 426
5e 766 396 427 426
5e 767 396 397 427
5e 768 397 428 427
5e 769 397 398 428
5e 770 398 429 428
5e 771 398 399 429
5e 772 399 430 429
5e 773 399 400 430
5e 774 400 431 430
5e 775 400 401 431
5e 776 401 432 431
5e 777 401 402 432
5e 778 402 433 432
5e 779 402 403 433
5e 780 403 434 433
5e 781 404 405 435
5e 782 405 436 435
5e 783 405 406 436
5e 784 406 437 436
5e 785 406 407 437
5e 786 407 438 437
5e 787 407 408 438
5e 788 408 439 438
5e 789 408 409 439
5e 790 409 440 439
5e 791 409 410 440
5e 792 410 441 440
5e 793 410 411 441
5e 794 411 442 441
5e 795 411 412 442
5e 796 412 443 442
5e 797 412 413 443
5e 798 413 444 443
5e 799 413 414 444
5e 800 414 445 444
5e 801 414 415 445
5e 802 415 446 445
5e 803 415 416 446
5e 804 416 447 446
5e 805 416 417 447
5e 806 417 448 447
5e 807 417 418 448
5e 808 418 449 448
5e 809 418 419 449
5e 810 419 450 449
5e 811 419 420 450
5e 812 420 451 450
5e 813 420 421 451
5e 814 421 452 451
5e 815 421 422 452
5e 816 422 453 452
5e 817 422 423 453
5e 818 423 454 453
5e 819 423 424 454
5e 820 424 455 454
5e 821 424 425 455
5e 822 425 456 455
5e 823 425 426 456
5e 824 426 457 456
5e 825 426 427 457
5e 826 427 458 457
5e 827 427 428 458
5e 828 428 459 458
5e 829 428 429 459
5e 830 429 460 459
5e 831 429 430 460
5e 832 430 461 460
5e 833 430 431 461
5e 834 431 462 461
5e 835 431 432 462
5e 836 432 463 462
5e 837 432 433 463
5e 838 433 464 463
5e 839 433 434 464
5e 840 434 465 464
5e 841 435 436 466
5e 842 436 467 466
5e 843 436 437 467
5e 844 437 468 467
5e 845 437 438 468
5e 846 438 469 468
5e 847 438 439 469
5e 848 439 470 469
5e 849 439 440 470
5e 850 440 471 470
5e 851 440 441 471
5e 852 441 472 471
5e 853 441 442 472
5e 854 442 473 472
5e 855 442 443 473
5e 856 443 474 473
5e 857 443 444 474
5e 858 444 475 474
5e 859 444 445 475
5e 860 445 476 475
5e 861 445 446 476
5e 862 446 477 476
5e 863 446 447 477
5e 864 447 478 477
5e 865 447 448 478
5e 866 448 479 478
5e 867 448 449 479
5e 868 449 480 479
5e 869 449 450 480
5e 870 450 481 480
5e 871 450 451 481
5e 872 451 482 481
5e 873 451 452 482
5e 874 452 483 482
5e 875 452 453 483
5e 876 453 484 483
5e 877 453 454 484
5e 878 454 485 484
5e 879 454 455 485
5e 880 455 486 485
5e 881 455 456 486
5e 882 456 487 486
5e 883 456 457 487
5e 884 457 488 487
5e 885 457 458 488
5e 886 458 489 488
5e 887 458 459 489
5e 888 459 490 489
5e 889 459 460 490
5e 890 460 491 490
5e 891 460 461 491
5e 892 461 492 491
5e 893 461 462 492
5e 894 462 493 492
5e 895 462 463 493
5e 896 463 494 493
5e 897 463 464 494
5e 898 464 495 494
5e 899 464 465 495
5e 900 465 496 495
5e 901 466 467 497
5e 902 467 498 497
5e 903 467 468 498
5e 904 468 499 498
5e 905 468 469 499
5e 906 469 500 499
5e 907 469 470 500
5e 908 470 501 500
5e 909 470 471 501
5e 910 471 502 501
5e 911 471 472 502
5e 912 472 503 502
5e 913 472 473 503
5e 914 473 504 503
5e 915 473 474 504
5e 916 474 505 504
5e 917 474 475 505
5e 918 475 506 505
5e 919 475 476 506
5e 920 476 507 506
5e 921 476 477 507
5e 922 477 508 507
5e 923 477 478 508
5e 924 478 509 508
5e 925 478 479 509
5e 926 479 510 509
5e 927 479 480 510
5e 928 480 511 510
5e 929 480 481 511
5e 930 481 512 511
5e 931 481 482 512
5e 932 482 513 512
5e 933 482 483 513
5e 934 483 514 513
5e 935 483 484 514
5e 936 484 515 514
5e 937 484 485 515
5e 938 485 516 515
5e 939 485 486 516
5e 940 486 517 516
5e 941 486 487 517
5e 942 487 518 517
5e 943 487 488 518
5e 944 488 519 518
5e 945 488 489 519
5e 946 489 520 519
5e 947 489 490 520
5e 948 490 521 520
5e 949 490 491 521
5e 950 491 522 521
5e 951 491 492 522
5e 952 492 523 522
5e 953 492 493 523
5e 954 493 524 523
5e 955 493 494 524
5e 956 494 525 524
5e 957 494 495 525
5e 958 495 526 525
5e 959 495 496 526
5e 960 496 527 526
5e 961 497 498 528
5e 962 498 529 528
5e 963 498 499 529
5e 964 499 530 529
5e 965 499 500 530
5e 966 500 531 530
5e 967 500 501 531
5e 968 501 532 531
5e 969 501 502 532
5e 970 502 533 532
5e 971 502 503 533
5e 972 503 534 533
5e 973 503 504 534
5e 974 504 535 534
5e 975 504 505 535
5e 976 505 536 535
5e 977 505 506 536
5e 978 506 537 536
5e 979 506 507 537
5e 980 507 538 537
5e 981 507 508 538
5e 982 508 539 538
5e 983 508 509 539
5e 984 509 540 539
5e 985 509 510 540
5e 986 510 541 540
5e 987 510 511 541
5e 988 511 542 541
5e 989 511 512 542
5e 990 512 543 542
5e 991 512 513 543
5e 992 513 544 543
5e 993 513 514 544
5e 994 514 545 544
5e 995 514 515 545
5e 996 515 546 545
5e 997 515 516 546
5e 998 516 547 546
5e 999 516 517 547
5e 1000 517 548 547
5e 1001 517 518 548
5e 1002 518 549 548
5e 1003 518 519 549
5e 1004 519 550 549
5e 1005 519 520 550
5e 1006 520 551 550
5e 1007 520 521 551
5e 1008 521 552 551
5e 1009 521 522 552
5e 1010 522 553 552
5e 1011 522 523 553
5e 1012 523 554 553
5e 1013 523 524 554
5e 1014 524 555 554
5e 1015 524 525 555
5e 1016 525 556 555
5e 1017 525 526 556
5e 1018 526 557 556
5e 1019 526 527 557
5e 1020 527 558 557
5e 1021 528 529 559
5e 1022 529 560 559
5e 1023 529 530 560
5e 1024 530 561 560
5e 1025 530 531 561
5e 1026 531 562 561
5e 1027 531 532 562
5e 1028 532 563 562
5e 1029 532 533 563
5e 1030 533 564 563
5e 1031 533 534 564
5e 1032 534 565 564
5e 1033 534 535 565
5e 1034 535 566 565
5e 1035 535 536 566
5e 1036 536 567 566
5e 1037 536 537 567
5e 1038 537 568 567
5e 1039 537 538 568
5e 1040 538 569 568
5e 1041 538 539 569
5e 1042 539 570 569
5e 1043 539 540 570
5e 1044 540 571 570
5e 1045 540 541 571
5e 1046 541 572 571
5e 1047 541 542 572
5e 1048 542 573 572
5e 1049 542 543 573
5e 1050 543 574 573
5e 1051 543 544 574
5e 1052 544 575 574
5e 1053 544 545 575
5e 1054 545 576 575
5e 1055 545 546 576
5e 1056 546 577 576
5e 1057 546 547 577
5e 1058 547 578 577
5e 1059 547 548 578
5e 1060 548 579 578
5e 1061 548 549 579
5e 1062 549 580 579
5e 1063 549 550 580
5e 1064 550 581 580
5e 1065 550 551 581
5e 1066 551 582 581
5e 1067 551 552 582
5e 1068 552 583 582
5e 1069 552 553 583
5e 1070 553 584 583
5e 1071 553 554 584
5e 1072 554 585 584
5e 1073 554 555 585
5e 1074 555 586 585
5e 1075 555 556 586
5e 1076 556 587 586
5e 1077 556 557 587
5e 1078 557 588 587
5e 1079 557 558 588
5e 1080 558 589 588
5e 1081 559 560 590
5e 1082 560 591 590
5e 1083 560 561 591
5e 1084 561 592 591
5e 1085 561 562 592
5e 1086 562 593 592
5e 1087 562 563 593
5e 1088 563 594 593
5e 1089 563 564 594
5e 1090 564 595 594
5e 1091 564 565 595
5e 1092 565 596 595
5e 1093 565 566 596
5e 1094 566 597 596
5e 1095 566 567 597
5e 1096 567 598 597
5e 1097 567 568 598
5e 1098 568 599 598
5e 1099 568 569 599
5e 1100 569 600 599
5e 1101 569 570 600
5e 1102 570 601 600
5e 1103 570 571 601
5e 1104 571 602 601
5e 1105 571 572 602
5e 1106 572 603 602
5e 1107 572 573 603
5e 1108 573 604 603
5e 1109 573 574 604
5e 1110 574 605 604
5e 1111 574 575 605
5e 1112 575 606 605
5e 1113 575 576 606
5e 1114 576 607 606
5e 1115 576 577 607
5e 1116 577 608 607
5e 1117 577 578 608
5e 1118 578 609 608
5e 1119 578 579 609
5e 1120 579 610 609
5e 1121 579 580 610
5e 1122 580 611 610
5e 1123 580 581 611
5e 1124 581 612 611
5e 1125 581 582 612
5e 1126 582 613 612
5e 1127 582 583 613
5e 1128 583 614 613
5e 1129 583 584 614
5e 1130 584 615 614
5e 1131 584 585 615
5e 1132 585 616 615
5e 1133 585 586 616
5e 1134 586 617 616
5e 1135 586 587 617
5e 1136 587 618 617
5e 1137 587 588 618
5e 1138 588 619 618
5e 1139 588 589 619
5e 1140 589 620 619
5e 1141 590 591 621
5e 1142 591 622 621
5e 1143 591 592 622
5e 1144 592 623 622
5e 1145 592 593 623
5e 1146 593 624 623
5e 1147 593 594 624
5e 1148 594 625 624
5e 1149 594 595 625
5e 1150 595 626 625
5e 1151 595 596 626
5e 1152 596 627 626
5e 1153 596 597 627
5e 1154 597 628 627
5e 1155 597 598 628
5e 1156 598 629 628
5e 1157 598 599 629
5e 1158 599 630 629
5e 1159 599 600 630
5e 1160 600 631 630
5e 1161 600 601 631
5e 1162 601 632 631
5e 1163 601 602 632
5e 1164 602 633 632
5e 1165 602 603 633
5e 1166 603 634 633
5e 1167 603 604 634
5e 1168 604 635 634
5e 1169 604 605 635
5e 1170 605 636 635
5e 1171 605 606 636
5e 1172 606 637 636
5e 1173 606 607 637
5e 1174 607 638 637
5e 1175 607 608 638
5e 1176 608 639 638
5e 1177 608 609 639
5e 1178 609 640 639
5e 1179 609 610 640
5e 1180 610 641 640
5e 1181 610 611 641
5e 1182 611 642 641
5e 1183 611 612 642
5e 1184 612 643 642
5e 1185 612 613 643
5e 1186 613 644 643
5e 1187 613 614 644
5e 1188 614 645 644
5e 1189 614 615 645
5e 1190 615 646 645
5e 1191 615 616 646
5e 1192 616 647 646
5e 1193 616 617 647
5e 1194 617 648 647
5e 1195 617 618 648
5e 1196 618 649 648
5e 1197 618 619 649
5e 1198 619 650 649
5e 1199 619 620 650
5e 1200 620 651 650
5e 1201 621 622 652
5e 1202 622 653 652
5e 1203 622 623 653
5e 1204 623 654 653
5e 1205 623 624 654
5e 1206 624 655 654
5e 1207 624 625 655
5e 1208 625 656 655
5e 1209 625 626 656
5e 1210 626 657 656
5e 1211 626 627 657
5e 1212 627 658 657
5e 1213 627 628 658
5e 1214 628 659 658
5e 1215 628 629 659
5e 1216 629 660 659
5e 1217 629 630 660
5e 1218 630 661 660
5e 1219 630 631 661
5e 1220 631 662 661
5e 1221 631 632 662
5e 1222 632 663 662
5e 1223 632 633 663
5e 1224 633 664 663
5e 1225 633 634 664
5e 1226 634 665 664
5e 1227 634 635 665
5e 1228 635 666 665
5e 1229 635 636 666
5e 1230 636 667 666
5e 1231 636 637 667
5e 1232 637 668 667
5e 1233 637 638 668
5e 1234 638 669 668
5e 1235 638 639 669
5e 1236 639 670 669
5e 1237 639 640 670
5e 1238 640 671 670
5e 1239 640 641 671
5e 1240 641 672 671
5e 1241 641 642 672
5e 1242 642 673 672
5e 1243 642 643 673
5e 1244 643 674 673
5e 1245 643 644 674
5e 1246 644 675 674
5e 1247 644 645 675
5e 1248 645 676 675
5e 1249 645 646 676
5e 1250 646 677 676
5e 1251 646 647 677
5e 1252 647 678 677
5e 1253 647 648 678
5e 1254 648 679 678
5e 1255 648 649 679
5e 1256 649 680 679
5e 1257 649 650 680
5e 1258 650 681 680
5e 1259 650 651 681
5e 1260 651 682 681
5e 1261 652 653 683
5e 1262 653 684 683
5e 1263 653 654 684
5e 1264 654 685 684
5e 1265 654 655 685
5e 1266 655 686 685
5e 1267 655 656 686
5e 1268 656 687 686
5e 1269 656 657 687
5e 1270 657 688 687
5e 1271 657 658 688
5e 1272 658 689 688
5e 1273 658 659 689
5e 1274 659 690 689
5e 1275 659 660 690
5e 1276 660 691 690
5e 1277 660 661 691
5e 1278 661 692 691
5e 1279 661 662 692
5e 1280 662 693 692
5e 1281 662 663 693
5e 1282 663 694 693
5e 1283 663 664 694
5e 1284 664 695 694
5e 1285 664 665 695
5e 1286 665 696 695
5e 1287 665 666 696
5e 1288 666 697 696
5e 1289 666 667 697
5e 1290 667 698 697
5e 1291 667 668 698
5e 1292 668 699 698
5e 1293 668 669 699
5e 1294 669 700 699
5e 1295 669 670 700
5e 1296 670 701 700
5e 1297 670 671 701
5e 1298 671 702 701
5e 1299 671 672 702
5e 1300 672 703 702
5e 1301 672 673 703
5e 1302 673 704 703
5e 1303 673 674 704
5e 1304 674 705 704
5e 1305 674 675 705
5e 1306 675 706 705
5e 1307 675 676 706
5e 1308 676 707 706
5e 1309 676 677 707
5e 1310 677 708 707
5e 1311 677 678 708
5e 1312 678 709 708
5e 1313 678 679 709
5e 1314 679 710 709
5e 1315 679 680 710
5e 1316 680 711 710
5e 1317 680 681 711
5e 1318 681 712 711
5e 1319 681 682 712
5e 1320 682 713 712
5e 1321 683 684 714
5e 1322 684 715 714
5e 1323 684 685 715
5e 1324 685 716 715
5e 1325 685 686 716
5e 1326 686 717 716
5e 1327 686 687 717
5e 1328 687 718 717
5e 1329 687 688 718
5e 1330 688 719 718
5e 1331 688 689 719
5e 1332 689 720 719
5e 1333 689 690 720
5e 1334 690 721 720
5e 1335 690 691 721
5e 1336 691 722 721
5e 1337 691 692 722
5e 1338 692 723 722
5e 1339 692 693 723
5e 1340 693 724 723
5e 1341 693 694 724
5e 1342 694 725 724
5e 1343 694 695 725
5e 1344 695 726 725
5e 1345 695 696 726
5e 1346 696 727 726
5e 1347 696 697 727
5e 1348 697 728 727
5e 1349 697 698 728
5e 1350 698 729 728
5e 1351 698 699 729
5e 1352 699 730 729
5e 1353 699 700 730
5e 1354 700 731 730
5e 1355 700 701 731
5e 1356 701 732 731
5e 1357 701 702 732
5e 1358 702 733 732
5e 1359 702 703 733
5e 1360 703 734 733
5e 1361 703 704 734
5e 1362 704 735 734
5e 1363 704 705 735
5e 1364 705 736 735
5e 1365 705 706 736
5e 1366 706 737 736
5e 1367 706 707 737
5e 1368 707 738 737
5e 1369 707 708 738
5e 1370 708 739 738
5e 1371 708 709 739
5e 1372 709 740 739
5e 1373 709 710 740
5e 1374 710 741 740
5e 1375 710 711 741
5e 1376 711 742 741
5e 1377 711 712 742
5e 1378 712 743 742
5e 1379 712 713 743
5e 1380 713 744 743
5e 1381 714 715 745
5e 1382 715 746 745
5e 1383 715 716 746
5e 1384 716 747 746
5e 1385 716 717 747
5e 1386 717 748 747
5e 1387 717 718 748
5e 1388 718 749 748
5e 1389 718 719 749
5e 1390 719 750 749
5e 1391 719 720 750
5e 1392 720 751 750
5e 1393 720 721 751
5e 1394 721 752 751
5e 1395 721 722 752
5e 1396 722 753 752
5e 1397 722 723 753
5e 1398 723 754 753
5e 1399 723 724 754
5e 1400 724 755 754
5e 1401 724 725 755
5e 1402 725 756 755
5e 1403 725 726 756
5e 1404 726 757 756
5e 1405 726 727 757
5e 1406 727 758 757
5e 1407 727 728 758
5e 1408 728 759 758
5e 1409 728 729 759
5e 1410 729 760 759
5e 1411 729 730 760
5e 1412 730 761 760
5e 1413 730 731 761
5e 1414 731 762 761
5e 1415 731 732 762
5e 1416 732 763 762
5e 1417 732 733 763
5e 1418 733 764 763
5e 1419 733 734 764
5e 1420 734 765 764
5e 1421 734 735 765
5e 1422 735 766 765
5e 1423 735 736 766
5e 1424 736 767 766
5e 1425 736 737 767
5e 1426 737 768 767
5e 1427 737 738 768
5e 1428 738 769 768
5e 1429 738 739 769
5e 1430 739 770 769
5e 1431 739 740 770
5e 1432 740 771 770
5e 1433 740 741 771
5e 1434 741 772 771
5e 1435 741 742 772
5e 1436 742 773 772
5e 1437 742 743 773
5e 1438 743 774 773
5e 1439 743 744 774
5e 1440 744 775 774
5e 1441 745 746 776
5e 1442 746 777 776
5e 1443 746 747 777
5e 1444 747 778 777
5e 1445 747 748 778
5e 1446 748 779 778
5e 1447 748 749 779
5e 1448 749 780 779
5e 1449 749 750 780
5e 1450 750 781 780
5e 1451 750 751 781
5e 1452 751 782 781
5e 1453 751 752 782
5e 1454 752 783 782
5e 1455 752 753 783
5e 1456 753 784 783
5e 1457 753 754 784
5e 1458 754 785 784
5e 1459 754 755 785
5e 1460 755 786 785
5e 1461 755 756 786
5e 1462 756 787 786
5e 1463 756 757 787
5e 1464 757 788 787
5e 1465 757 758 788
5e 1466 758 789 788
5e 1467 758 759 789
5e 1468 759 790 789
5e 1469 759 760 790
5e 1470 760 791 790
5e 1471 760 761 791
5e 1472 761 792 791
5e 1473 761 762 792
5e 1474 762 793 792
5e 1475 762 763 793
5e 1476 763 794 793
5e 1477 763 764 794
5e 1478 764 795 794
5e 1479 764 765 795
5e 1480 765 796 795
5e 1481 765 766 796
5e 1482 766 797 796
5e 1483 766 767 797
5e 1484 767 798 797
5e 1485 767 768 798
5e 1486 768 799 798
5e 1487 768 769 799
5e 1488 769 800 799
5e 1489 769 770 800
5e 1490 770 801 800
5e 1491 770 771 801
5e 1492 771 802 801
5e 1493 771 772 802
5e 1494 772 803 802
5e 1495 772 773 803
5e 1496 773 804 803
5e 1497 773 774 804
5e 1498 774 805 804
5e 1499 774 775 805
5e 1500 775 806 805
5e 1501 776 777 807
5e 1502 777 808 807
5e 1503 777 778 808
5e 1504 778 809 808
5e 1505 778 779 809
5e 1506 779 810 809
5e 1507 779 780 810
5e 1508 780 811 810
5e 1509 780 781 811
5e 1510 781 812 811
5e 1511 781 782 812
5e 1512 782 813 812
5e 1513 782 783 813
5e 1514 783 814 813
5e 1515 783 784 814
5e 1516 784 815 814
5e 1517 784 785 815
5e 1518 785 816 815
5e 1519 785 786 816
5e 1520 786 817 816
5e 1521 786 787 817
5e 1522 787 818 817
5e 1523 787 788 818
5e 1524 788 819 818
5e 1525 788 789 819
5e 1526 789 820 819
5e 1527 789 790 820
5e 1528 790 821 820
5e 1529 790 791 821
5e 1530 791 822 821
5e 1531 791 792 822
5e 1532 792 823 822
5e 1533 792 793 823
5e 1534 793 824 823
5e 1535 793 794 824
5e 1536 794 825 824
5e 1537 794 795 825
5e 1538 795 826 825
5e 1539 795 796 826
5e 1540 796 827 826
5e 1541 796 797 827
5e 1542 797 828 827
5e 1543 797 798 828
5e 1544 798 829 828
5e 1545 798 799 829
5e 1546 799 830 829
5e 1547 799 800 830
5e 1548 800 831 830
5e 1549 800 801 831
5e 1550 801 832 831
5e 1551 801 802 832
5e 1552 802 833 832
5e 1553 802 803 833
5e 1554 803 834 833
5e 1555 803 804 834
5e 1556 804 835 834
5e 1557 804 805 835
5e 1558 805 836 835
5e 1559 805 806 836
5e 1560 806 837 836
5e 1561 807 808 838
5e 1562 808 839 838
5e 1563 808 809 839
5e 1564 809 840 839
5e 1565 809 810 840
5e 1566 810 841 840
5e 1567 810 811 841
5e 1568 811 842 841
5e 1569 811 812 842
5e 1570 812 843 842
5e 1571 812 813 843
5e 1572 813 844 843
5e 1573 813 814 844
5e 1574 814 845 844
5e 1575 814 815 845
5e 1576 815 846 845
5e 1577 815 816 846
5e 1578 816 847 846
5e 1579 816 817 847
5e 1580 817 848 847
5e 1581 817 818 848
5e 1582 818 849 848
5e 1583 818 819 849
5e 1584 819 850 849
5e 1585 819 820 850
5e 1586 820 851 850
5e 1587 820 821 851
5e 1588 821 852 851
5e 1589 821 822 852
5e 1590 822 853 852
5e 1591 822 823 853
5e 1592 823 854 853
5e 1593 823 824 854
5e 1594 824 855 854
5e 1595 824 825 855
5e 1596 825 856 855
5e 1597 825 826 856
5e 1598 826 857 856
5e 1599 826 827 857
5e 1600 827 858 857
5e 1601 827 828 858
5e 1602 828 859 858
5e 1603 828 829 859
5e 1604 829 860 859
5e 1605 829 830 860
5e 1606 830 861 860
5e 1607 830 831 861
5e 1608 831 862 861
5e 1609 831 832 862
5e 1610 832 863 862
5e 1611 832 833 863
5e 1612 833 864 863
5e 1613 833 834 864
5e 1614 834 865 864
5e 1615 834 835 865
5e 1616 835 866 865
5e 1617 835 836 866
5e 1618 836 867 866
5e 1619 836 837 867
5e 1620 837 868 867
5e 1621 838 839 869
5e 1622 839 870 869
5e 1623 839 840 870
5e 1624 840 871 870
5e 1625 840 841 871
5e 1626 841 872 871
5e 1627 841 842 872
5e 1628 842 873 872
5e 1629 842 843 873
5e 1630 843 874 873
5e 1631 843 844 874
5e 1632 844 875 874
5e 1633 844 845 875
5e 1634 845 876 875
5e 1635 845 846 876
5e 1636 846 877 876
5e 1637 846 847 877
5e 1638 847 878 877
5e 1639 847 848 878
5e 1640 848 879 878
5e 1641 848 849 879
5e 1642 849 880 879
5e 1643 849 850 880
5e 1644 850 881 880
5e 1645 850 851 881
5e 1646 851 882 881
5e 1647 851 852 882
5e 1648 852 883 882
5e 1649 852 853 883
5e 1650 853 884 883
5e 1651 853 854 884
5e 1652 854 885 884
5e 1653 854 855 885
5e 1654 855 886 885
5e 1655 855 856 886
5e 1656 856 887 886
5e 1657 856 857 887
5e 1658 857 888 887
5e 1659 857 858 888
5e 1660 858 889 888
5e 1661 858 859 889
5e 1662 859 890 889
5e 1663 859 860 890
5e 1664 860 891 890
5e 1665 860 861 891
5e 1666 861 892 891
5e 1667 861 862 892
5e 1668 862 893 892
5e 1669 862 863 893
5e 1670 863 894 893
5e 1671 863 864 894
5e 1672 864 895 894
5e 1673 864 865 895
5e 1674 865 896 895
5e 1675 865 866 896
5e 1676 866 897 896
5e 1677 866 867 897
5e 1678 867 898 897
5e 1679 867 868 898
5e 1680 868 899 898
5e 1681 869 870 900
5e 1682 870 901 900
5e 1683 870 871 901
5e 1684 871 902 901
5e 1685 871 872 902
5e 1686 872 903 902
5e 1687 872 873 903
5e 1688 873 904 903
5e 1689 873 874 904
5e 1690 874 905 904
5e 1691 874 875 905
5e 1692 875 906 905
5e 1693 875 876 906
5e 1694 876 907 906
5e 1695 876 877 907
5e 1696 877 908 907
5e 1697 877 878 908
5e 1698 878 909 908
5e 1699 878 879 909
5e 1700 879 910 909
5e 1701 879 880 910
5e 1702 880 911 910
5e 1703 880 881 911
5e 1704 881 912 911
5e 1705 881 882 912
5e 1706 882 913 912
5e 1707 882 883 913
5e 1708 883 914 913
5e 1709 883 884 914
5e 1710 884 915 914
5e 1711 884 885 915
5e 1712 885 916 915
5e 1713 885 886 916
5e 1714 886 917 916
5e 1715 886 887 917
5e 1716 887 918 917
5e 1717 887 888 918
5e 1718 888 919 918
5e 1719 888 889 919
5e 1720 889 920 919
5e 1721 889 890 920
5e 1722 890 921 920
5e 1723 890 891 921
5e 1724 891 922 921
5e 1725 891 892 922
5e 1726 892 923 922
5e 1727 892 893 923
5e 1728 893 924 923
5e 1729 893 894 924
5e 1730 894 925 924
5e 1731 894 895 925
5e 1732 895 926 925
5e 1733 895 896 926
5e 1734 896 927 926
5e 1735 896 897 927
5e 1736 897 928 927
5e 1737 897 898 928
5e 1738 898 929 928
5e 1739 898 899 929
5e 1740 899 930 929
5e 1741 900 901 931
5e 1742 901 932 931
5e 1743 901 902 932
5e 1744 902 933 932
5e 1745 902 903 933
5e 1746 903 934 933
5e 1747 903 904 934
5e 1748 904 935 934
5e 1749 904 905 935
5e 1750 905 936 935
5e 1751 905 906 936
5e 1752 906 937 936
5e 1753 906 907 937
5e 1754 907 938 937
5e 1755 907 908 938
5e 1756 908 939 938
5e 1757 908 909 939
5e 1758 909 940 939
5e 1759 909 910 940
5e 1760 910 941 940
5e 1761 910 911 941
5e 1762 911 942 941
5e 1763 911 912 942
5e 1764 912 943 942
5e 1765 912 913 943
5e 1766 913 944 943
5e 1767 913 914 944
5e 1768 914 945 944
5e 1769 914 915 945
5e 1770 915 946 945
5e 1771 915 916 946
5e 1772 916 947 946
5e 1773 916 917 947
5e 1774 917 948 947
5e 1775 917 918 948
5e 1776 918 949 948
5e 1777 918 919 949
5e 1778 919 950 949
5e 1779 919 920 950
5e 1780 920 951 950
5e 1781 920 921 951
5e 1782 921 952 951
5e 1783 921 922 952
5e 1784 922 953 952
5e 1785 922 923 953
5e 1786 923 954 953
5e 1787 923 924 954
5e 1788 924 955 954
5e 1789 924 925 955
5e 1790 925 956 955
5e 1791 925 926 956
5e 1792 926 957 956
5e 1793 926 927 957
5e 1794 927 958 957
5e 1795 927 928 958
5e 1796 928 959 958
5e 1797 928 929 959
5e 1798 929 960 959
5e 1799 929 930 960
5e 1800 930 961 960
nPoin = 961
Poi 1 0 0
Poi 2 0.05 0
Poi 3 0.1 0
Poi 4 0.15 0
Poi 5 0.2 0
Poi 6 0.25 0
Poi 7 0.3 0
Poi 8 0.35 0
Poi 9 0.4 0
Poi 10 0.45 0
Poi 11 0.5 0
Poi 12 0.55 0
Poi 13 0.6 0
Poi 14 0.65 0
Poi 15 0.7 0
Poi 16 0.75 0
Poi 17 0.8 0
Poi 18 0.85 0
Poi 19 0.9 0
Poi 20 0.95 0
Poi 21 1 0
Poi 22 1.05 0
Poi 23 1.1 0
Poi 24 1.15 0
Poi 25 1.2 0
Poi 26 1.25 0
Poi 27 1.3 0
Poi 28 1.35 0
Poi 29 1.4 0
Poi 30 1.45 0
Poi 31 1.5 0
Poi 32 0 0.05
Poi 33 0.05 0.05
Poi 34 0.1 0.05
Poi 35 0.15 0.05
Poi 36 0.2 0.05
Poi 37 0.25 0.05
Poi 38 0.3 0.05
Poi 39 0.35 0.05
Poi 40 0.4 0.05
Poi 41 0.45 0.05
Poi 42 0.5 0.05
Poi 43 0.55 0.05
Poi 44 0.6 0.05
Poi 45 0.65 0.05
Poi 46 0.7 0.05
Poi 47 0.75 0.05
Poi 48 0.8 0.05
Poi 49 0.85 0.05
Poi 50 0.9 0.05
Poi 51 0.95 0.05
Poi 52 1 0.05
Poi 53 1.05 0.05
Poi 54 1.1 0.05
Poi 55 1.15 0.05
Poi 56 1.2 0.05
Poi 57 1.25 0.05
Poi 58 1.3 0.05
Poi 59 1.35 0.05
Poi 60 1.4 0.05
Poi 61 1.45 0.05
Poi 62 1.5 0.05
Poi 63 0 0.1
Poi 64 0.05 0.1
Poi 65 0.1 0.1
Poi 66 0.15 0.1
Poi 67 0.2 0.1
Poi 68 0.25 0.1
Poi 69 0.3 0.1
Poi 70 0.35 0.1
Poi 71 0.4 0.1
Poi 72 0.45 0.1
Poi 73 0.5 0.1
Poi 74 0.55 0.1
Poi 75 0.6 0.1
Poi 76 0.65 0.1
Poi 77 0.7 0.1
Poi 78 0.75 0.1
Poi 79 0.8 0.1
Poi 80 0.85 0.1
Poi 81 0.9 0.1
Poi 82 0.95 0.1
Poi 83 1 0.1
Poi 84 1.05 0.1
Poi 85 1.1 0.1
Poi 86 1.15 0.1
Poi 87 1.2 0.1
Poi 88 1.25 0.1
Poi 89 1.3 0.1
Poi 90 1.35 0.1
Poi 91 1.4 0.1
Poi 92 1.45 0.1
Poi 93 1.5 0.1
Poi 94 0 0.15
Poi 95 0.05 0.15
Poi 96 0.1 0.15
Poi 97 0.15 0.15
Poi 98 0.2 0.15
Poi 99 0.25 0.15
Poi 100 0.3 0.15
Poi 101 0.35 0.15
Poi 102 0.4 0.15
Poi 103 0.45 0.15
Poi 104 0.5 0.15
Poi 105 0.55 0.15
Poi 106 0.6 0.15
Poi 107 0.65 0.15
Poi 108 0.7 0.15
Poi 109 0.75 0.15
Poi 110 0.8 0.15
Poi 111 0.85 0.15
Poi 112 0.9 0.15
Poi 113 0.95 0.15
Poi 114 1 0.15
Poi 115 1.05 0.15
Poi 116 1.1 0.15
Poi 117 1.15 0.15
Poi 118 1.2 0.15
Poi 119 1.25 0.15
Poi 120 1.3 0.15
Poi 121 1.35 0.15
Poi 122 1.4 0.15
Poi 123 1.45 0.15
Poi 124 1.5 0.15
Poi 125 0 0.2
Poi 126 0.05 0.2
Poi 127 0.1 0.2
Poi 128 0.15 0.2
Poi 129 0.2 0.2
Poi 130 0.25 0.2
Poi 131 0.3 0.2
Poi 132 0.35 0.2
Poi 133 0.4 0.2
Poi 134 0.45 0.2
Poi 135 0.5 0.2
Poi 136 0.55 0.2
Poi 137 0.6 0.2
Poi 138 0.65 0.2
Poi 139 0.7 0.2
Poi 140 0.75 0.2
Poi 141 0.8 0.2
Poi 142 0.85 0.2
Poi 143 0.9 0.2
Poi 144 0.95 0.2
Poi 145 1 0.2
Poi 146 1.05 0.2
Poi 147 1.1 0.2
Poi 148 1.15 0.2
Poi 149 1.2 0.2
Poi 150 1.25 0.2
Poi 151 1.3 0.2
Poi 152 1.35 0.2
Poi 153 1.4 0.2
Poi 154 1.45 0.2
Poi 155 1.5 0.2
Poi 156 0 0.25
Poi 157 0.05 0.25
Poi 158 0.1 0.25
Poi 159 0.15 0.25
Poi 160 0.2 0.25
Poi 161 0.25 0.25
Poi 162 0.3 0.25
Poi 163 0.35 0.25
Poi 164 0.4 0.25
Poi 165 0.45 0.25
Poi 166 0.5 0.25
Poi 167 0.55 0.25
Poi 168 0.6 0.25
Poi 169 0.65 0.25
Poi 170 0.7 0.25
Poi 171 0.75 0.25
Poi 172 0.8 0.25
Poi 173 0.85 0.25
Poi 174 0.9 0.25
Poi 175 0.95 0.25
Poi 176 1 0.25
Poi 177 1.05 0.25
Poi 178 1.1 0.25
Poi 179 1.15 0.25
Poi 180 1.2 0.25
Poi 181 1.25 0.25
Poi 182 1.3 0.25
Poi 183 1.35 0.25
Poi 184 1.4 0.25
Poi 185 1.45 0.25
Poi 186 1.5 0.25
Poi 187 0 0.3
Poi 188 0.05 0.3
Poi 189 0.1 0.3
Poi 190 0.15 0.3
Poi 191 0.2 0.3
Poi 192 0.25 0.3
Poi 193 0.3 0.3
Poi 194 0.35 0.3
Poi 195 0.4 0.3
Poi 196 0.45 0.3
Poi 197 0.5 0.3
Poi 198 0.55 0.3
Poi 199 0.6 0.3
Poi 200 0.65 0.3
Poi 201 0.7 0.3
Poi 202 0.75 0.3
Poi 203 0.8 0.3
Poi 204 0.85 0.3
Poi 205 0.9 0.3
Poi 206 0.95 0.3
Poi 207 1 0.3
Poi 208 1.05 0.3
Poi 209 1.1 0.3
Poi 210 1.15 0.3
Poi 211 1.2 0.3
Poi 212 1.25 0.3
Poi 213 1.3 0.3
Poi 214 1.35 0.3
Poi 215 1.4 0.3
Poi 216 1.45 0.3
Poi 217 1.5 0.3
Poi 218 0 0.35
Poi 219 0.05 0.35
Poi 220 0.1 0.35
Poi 221 0.15 0.35
Poi 222 0.2 0.35
Poi 223 0.25 0.35
Poi 224 0.3 0.35
Poi 225 0.35 0.35
Poi 226 0.4 0.35
Poi 227 0.45 0.35
Poi 228 0.5 0.35
Poi 229 0.55 0.35
Poi 230 0.6 0.35
Poi 231 0.65 0.35
Poi 232 0.7 0.35
Poi 233 0.75 0.35
Poi 234 0.8 0.35
Poi 235 0.85 0.35
Poi 236 0.9 0.35
Poi 237 0.95 0.35
Poi 238 1 0.35
Poi 239 1.05 0.35
Poi 240 1.1 0.35
Poi 241 1.15 0.35
Poi 242 1.2 0.35
Poi 243 1.25 0.35
Poi 244 1.3 0.35
Poi 245 1.35 0.35
Poi 246 1.4 0.35
Poi 247 1.45 0.35
Poi 248 1.5 0.35
Poi 249 0 0.4
Poi 250 0.05 0.4
Poi 251 0.1 0.4
Poi 252 0.15 0.4
Poi 253 0.2 0.4
Poi 254 0.25 0.4
Poi 255 0.3 0.4
Poi 256 0.35 0.4
Poi 257 0.4 0.4
Poi 258 0.45 0.4
Poi 259 0.5 0.4
Poi 260 0.55 0.4
Poi 261 0.6 0.4
Poi 262 0.65 0.4
Poi 263 0.7 0.4
Poi 264 0.75 0.4
Poi 265 0.8 0.4
Poi 266 0.85 0.4
Poi 267 0.9 0.4
Poi 268 0.95 0.4
Poi 269 1 0.4
Poi 270 1.05 0.4
Poi 271 1.1 0.4
Poi 272 1.15 0.4
Poi 273 1.2 0.4
Poi 274 1.25 0.4
Poi 275 1.3 0.4
Poi 276 1.35 0.4
Poi 277 1.4 0.4
Poi 278 1.45 0.4
Poi 279 1.5 0.4
Poi 280 0 0.45
Poi 281 0.05 0.45
Poi 282 0.1 0.45
Poi 283 0.15 0.45
Poi 284 0.2 0.45
Poi 285 0.25 0.45
Poi 286 0.3 0.45
Poi 287 0.35 0.45
Poi 288 0.4 0.45
Poi 289 0.45 0.45
Poi 290 0.5 0.45
Poi 291 0.55 0.45
Poi 292 0.6 0.45
Poi 293 0.65 0.45
Poi 294 0.7 0.45
Poi 295 0.75 0.45
Poi 296 0.8 0.45
Poi 297 0.85 0.45
Poi 298 0.9 0.45
Poi 299 0.95 0.45
Poi 300 1 0.45
Poi 301 1.05 0.45
Poi 302 1.1 0.45
Poi 303 1.15 0.45
Poi 304 1.2 0.45
Poi 305 1.25 0.45
Poi 306 1.3 0.45
Poi 307 1.35 0.45
Poi 308 1.4 0.45
Poi 309 1.45 0.45
Poi 310 1.5 0.45
Poi 311 0 0.5
Poi 312 0.05 0.5
Poi 313 0.1 0.5
Poi 314 0.15 0.5
Poi 315 0.2 0.5
Poi 316 0.25 0.5
Poi 317 0.3 0.5
Poi 318 0.35 0.5
Poi 319 0.4 0.5
Poi 320 0.45 0.5
Poi 321 0.5 0.5
Poi 322 0.55 0.5
Poi 323 0.6 0.5
Poi 324 0.65 0.5
Poi 325 0.7 0.5
Poi 326 0.75 0.5
Poi 327 0.8 0.5
Poi 328 0.85 0.5
Poi 329 0.9 0.5
Poi 330 0.95 0.5
Poi 331 1 0.5
Poi 332 1.05 0.5
Poi 333 1.1 0.5
Poi 334 1.15 0.5
Poi 335 1.2 0.5
Poi 336 1.25 0.5
Poi 337 1.3 0.5
Poi 338 1.35 0.5
Poi 339 1.4 0.5
Poi 340 1.45 0.5
Poi 341 1.5 0.5
Poi 342 0 0.55
Poi 343 0.05 0.55
Poi 344 0.1 0.55
Poi 345 0.15 0.55
Poi 346 0.2 0.55
Poi 347 0.25 0.55
Poi 348 0.3 0.55
Poi 349 0.35 0.55
Poi 350 0.4 0.55
Poi 351 0.45 0.55
Poi 352 0.5 0.55
Poi 353 0.55 0.55
Poi 354 0.6 0.55
Poi 355 0.65 0.55
Poi 356 0.7 0.55
Poi 357 0.75 0.55
Poi 358 0.8 0.55
Poi 359 0.85 0.55
Poi 360 0.9 0.55
Poi 361 0.95 0.55
Poi 362 1 0.55
Poi 363 1.05 0.55
Poi 364 1.1 0.55
Poi 365 1.15 0.55
Poi 366 1.2 0.55
Poi 367 1.25 0.55
Poi 368 1.3 0.55
Poi 369 1.35 0.55
Poi 370 1.4 0.55
Poi 371 1.45 0.55
Poi 372 1.5 0.55
Poi 373 0 0.6
Poi 374 0.05 0.6
Poi 375 0.1 0.6
Poi 376 0.15 0.6
Poi 377 0.2 0.6
Poi 378 0.25 0.6
Poi 379 0.3 0.6
Poi 380 0.35 0.6
Poi 381 0.4 0.6
Poi 382 0.45 0.6
Poi 383 0.5 0.6
Poi 384 0.55 0.6
Poi 385 0.6 0.6
Poi 386 0.65 0.6
Poi 387 0.7 0.6
Poi 388 0.75 0.6
Poi 389 0.8 0.6
Poi 390 0.85 0.6
Poi 391 0.9 0.6
Poi 392 0.95 0.6
Poi 393 1 0.6
Poi 394 1.05 0.6
Poi 395 1.1 0.6
Poi 396 1.15 0.6
Poi 397 1.2 0.6
Poi 398 1.25 0.6
Poi 399 1.3 0.6
Poi 400 1.35 0.6
Poi 401 1.4 0.6
Poi 402 1.45 0.6
Poi 403 1.5 0.6
Poi 404 0 0.65
Poi 405 0.05 0.65
Poi 406 0.1 0.65
Poi 407 0.15 0.65
Poi 408 0.2 0.65
Poi 409 0.25 0.65
Poi 410 0.3 0.65
Poi 411 0.35 0.65
Poi 412 0.4 0.65
Poi 413 0.45 0.65
Poi 414 0.5 0.65
Poi 415 0.55 0.65
Poi 416 0.6 0.65
Poi 417 0.65 0.65
Poi 418 0.7 0.65
Poi 419 0.75 0.65
Poi 420 0.8 0.65
Poi 421 0.85 0.65
Poi 422 0.9 0.65
Poi 423 0.95 0.65
Poi 424 1 0.65
Poi 425 1.05 0.65
Poi 426 1.1 0.65
Poi 427 1.15 0.65
Poi 428 1.2 0.65
Poi 429 1.25 0.65
Poi 430 1.3 0.65
Poi 431 1.35 0.65
Poi 432 1.4 0.65
Poi 433 1.45 0.65
Poi 434 1.5 0.65
Poi 435 0 0.7
Poi 436 0.05 0.7
Poi 437 0.1 0.7
Poi 438 0.15 0.7
Poi 439 0.2 0.7
Poi 440 0.25 0.7
Poi 441 0.3 0.7
Poi 442 0.35 0.7
Poi 443 0.4 0.7
Poi 444 0.45 0.7
Poi 445 0.5 0.7
Poi 446 0.55 0.7
Poi 447 0.6 0.7
Poi 448 0.65 0.7
Poi 449 0.7 0.7
Poi 450 0.75 0.7
Poi 451 0.8 0.7
Poi 452 0.85 0.7
Poi 453 0.9 0.7
Poi 454 0.95 0.7
Poi 455 1 0.7
Poi 456 1.05 0.7
Poi 457 1.1 0.7
Poi 458 1.15 0.7
Poi 459 1.2 0.7
Poi 460 1.25 0.7
Poi 461 1.3 0.7
Poi 462 1.35 0.7
Poi 463 1.4 0.7
Poi 464 1.45 0.7
Poi 465 1.5 0.7
Poi 466 0 0.75
Poi 467 0.05 0.75
Poi 468 0.1 0.75
Poi 469 0.15 0.75
Poi 470 0.2 0.75
Poi 471 0.25 0.75
Poi 472 0.3 0.75
Poi 473 0.35 0.75
Poi 474 0.4 0.75
Poi 475 0.45 0.75
Poi 476 0.5 0.75
Poi 477 0.55 0.75
Poi 478 0.6 0.75
Poi 479 0.65 0.75
Poi 480 0.7 0.75
Poi 481 0.75 0.75
Poi 482 0.8 0.75
Poi 483 0.85 0.75
Poi 484 0.9 0.75
Poi 485 0.95 0.75
Poi 486 1 0.75
Poi 487 1.05 0.75
Poi 488 1.1 0.75
Poi 489 1.15 0.75
Poi 490 1.2 0.75
Poi 491 1.25 0.75
Poi 492 1.3 0.75
Poi 493 1.35 0.75
Poi 494 1.4 0.75
Poi 495 1.45 0.75
Poi 496 1.5 0.75
Poi 497 0 0.8
Poi 498 0.05 0.8
Poi 499 0.1 0.8
Poi 500 0.15 0.8
Poi 501 0.2 0.8
Poi 502 0.25 0.8
Poi 503 0.3 0.8
Poi 504 0.35 0.8
Poi 505 0.4 0.8
Poi 506 0.45 0.8
Poi 507 0.5 0.8
Poi 508 0.55 0.8
Poi 509 0.6 0.8
Poi 510 0.65 0.8
Poi 511 0.7 0.8
Poi 512 0.75 0.8
Poi 513 0.8 0.8
Poi 514 0.85 0.8
Poi 515 0.9 0.8
Poi 516 0.95 0.8
Poi 517 1 0.8
Poi 518 1.05 0.8
Poi 519 1.1 0.8
Poi 520 1.15 0.8
Poi 521 1.2 0.8
Poi 522 1.25 0.8
Poi 523 1.3 0.8
Poi 524 1.35 0.8
Poi 525 1.4 0.8
Poi 526 1.45 0.8
Poi 527 1.5 0.8
Poi 528 0 0.85
Poi 529 0.05 0.85
Poi 530 0.1 0.85
Poi 531 0.15 0.85
Poi 532 0.2 0.85
Poi 533 0.25 0.85
Poi 534 0.3 0.85
Poi 535 0.35 0.85
Poi 536 0.4 0.85
Poi 537 0.45 0.85
Poi 538 0.5 0.85
Poi 539 0.55 0.85
Poi 540 0.6 0.85
Poi 541 0.65 0.85
Poi 542 0.7 0.85
Poi 543 0.75 0.85
Poi 544 0.8 0.85
Poi 545 0.85 0.85
Poi 546 0.9 0.85
Poi 547 0.95 0.85
Poi 548 1 0.85
Poi 549 1.05 0.85
Poi 550 1.1 0.85
Poi 551 1.15 0.85
Poi 552 1.2 0.85
Poi 553 1.25 0.85
Poi 554 1.3 0.85
Poi 555 1.35 0.85
Poi 556 1.4 0.85
Poi 557 1.45 0.85
Poi 558 1.5 0.85
Poi 559 0 0.9
Poi 560 0.05 0.9
Poi 561 0.1 0.9
Poi 562 0.15 0.9
Poi 563 0.2 0.9
Poi 564 0.25 0.9
Poi 565 0.3 0.9
Poi 566 0.35 0.9
Poi 567 0.4 0.9
Poi 568 0.45 0.9
Poi 569 0.5 0.9
Poi 570 0.55 0.9
Poi 571 0.6 0.9
Poi 572 0.65 0.9
Poi 573 0.7 0.9
Poi 574 0.75 0.9
Poi 575 0.8 0.9
Poi 576 0.85 0.9
Poi 577 0.9 0.9
Poi 578 0.95 0.9
Poi 579 1 0.9
Poi 580 1.05 0.9
Poi 581 1.1 0.9
Poi 582 1.15 0.9
Poi 583 1.2 0.9
Poi 584 1.25 0.9
Poi 585 1.3 0.9
Poi 586 1.35 0.9
Poi 587 1.4 0.9
Poi 588 1.45 0.9
Poi 589 1.5 0.9
Poi 590 0 0.95
Poi 591 0.05 0.95
Poi 592 0.1 0.95
Poi 593 0.15 0.95
Poi 594 0.2 0.95
Poi 595 0.25 0.95
Poi 596 0.3 0.95
Poi 597 0.35 0.95
Poi 598 0.4 0.95
Poi 599 0.45 0.95
Poi 600 0.5 0.95
Poi 601 0.55 0.95
Poi 602 0.6 0.95
Poi 603 0.65 0.95
Poi 604 0.7 0.95
Poi 605 0.75 0.95
Poi 606 0.8 0.95
Poi 607 0.85 0.95
Poi 608 0.9 0.95
Poi 609 0.95 0.95
Poi 610 1 0.95
Poi 611 1.05 0.95
Poi 612 1.1 0.95
Poi 613 1.15 0.95
Poi 614 1.2 0.95
Poi 615 1.25 0.95
Poi 616 1.3 0.95
Poi 617 1.35 0.95
Poi 618 1.4 0.95
Poi 619 1.45 0.95
Poi 620 1.5 0.95
Poi 621 0 1
Poi 622 0.05 1
Poi 623 0.1 1
Poi 624 0.15 1
Poi 625 0.2 1
Poi 626 0.25 1
Poi 627 0.3 1
Poi 628 0.35 1
Poi 629 0.4 1
Poi 630 0.45 1
Poi 631 0.5 1
Poi 632 0.55 1
Poi 633 0.6 1
Poi 634 0.65 1
Poi 635 0.7 1
Poi 636 0.75 1
Poi 637 0.8 1
Poi 638 0.85 1
Poi 639 0.9 1
Poi 640 0.95 1
Poi 641 1 1
Poi 642 1.05 1
Poi 643 1.1 1
Poi 644 1.15 1
Poi 645 1.2 1
Poi 646 1.25 1
Poi 647 1.3 1
Poi 648 1.35 1
Poi 649 1.4 1
Poi 650 1.45 1
Poi 651 1.5 1
Poi 652 0 1.05
Poi 653 0.05 1.05
Poi 654 0.1 1.05
Poi 655 0.15 1.05
Poi 656 0.2 1.05
Poi 657 0.25 1.05
Poi 658 0.3 1.05
Poi 659 0.35 1.05
Poi 660 0.4 1.05
Poi 661 0.45 1.05
Poi 662 0.5 1.05
Poi 663 0.55 1.05
Poi 664 0.6 1.05
Poi 665 0.65 1.05
Poi 666 0.7 1.05
Poi 667 0.75 1.05
Poi 668 0.8 1.05
Poi 669 0.85 1.05
Poi 670 0.9 1.05
Poi 671 0.95 1.05
Poi 672 1 1.05
Poi 673 1.05 1.05
Poi 674 1.1 1.05
Poi 675 1.15 1.05
Poi 676 1.2 1.05
Poi 677 1.25 1.05
Poi 678 1.3 1.05
Poi 679 1.35 1.05
Poi 680 1.4 1.05
Poi 681 1.45 1.05
Poi 682 1.5 1.05
Poi 683 0 1.1
Poi 684 0.05 1.1
Poi 685 0.1 1.1
Poi 686 0.15 1.1
Poi 687 0.2 1.1
Poi 688 0.25 1.1
Poi 689 0.3 1.1
Poi 690 0.35 1.1
Poi 691 0.4 1.1
Poi 692 0.45 1.1
Poi 693 0.5 1.1
Poi 694 0.55 1.1
Poi 695 0.6 1.1
Poi 696 0.65 1.1
Poi 697 0.7 1.1
Poi 698 0.75 1.1
Poi 699 0.8 1.1
Poi 700 0.85 1.1
Poi 701 0.9 1.1
Poi 702 0.95 1.1
Poi 703 1 1.1
Poi 704 1.05 1.1
Poi 705 1.1 1.1
Poi 706 1.15 1.1
Poi 707 1.2 1.1
Poi 708 1.25 1.1
Poi 709 1.3 1.1
Poi 710 1.35 1.1
Poi 711 1.4 1.1
Poi 712 1.45 1.1
Poi 713 1.5 1.1
Poi 714 0 1.15
Poi 715 0.05 1.15
Poi 716 0.1 1.15
Poi 717 0.15 1.15
Poi 718 0.2 1.15
Poi 719 0.25 1.15
Poi 720 0.3 1.15
Poi 721 0.35 1.15
Poi 722 0.4 1.15
Poi 723 0.45 1.15
Poi 724 0.5 1.15
Poi 725 0.55 1.15
Poi 726 0.6 1.15
Poi 727 0.65 1.15
Poi 728 0.7 1.15
Poi 729 0.75 1.15
Poi 730 0.8 1.15
Poi 731 0.85 1.15
Poi 732 0.9 1.15
Poi 733 0.95 1.15
Poi 734 1 1.15
Poi 735 1.05 1.15
Poi 736 1.1 1.15
Poi 737 1.15 1.15
Poi 738 1.2 1.15
Poi 739 1.25 1.15
Poi 740 1.3 1.15
Poi 741 1.35 1.15
Poi 742 1.4 1.15
Poi 743 1.45 1.15
Poi 744 1.5 1.15
Poi 745 0 1.2
Poi 746 0.05 1.2
Poi 747 0.1 1.2
Poi 748 0.15 1.2
Poi 749 0.2 1.2
Poi 750 0.25 1.2
Poi 751 0.3 1.2
Poi 752 0.35 1.2
Poi 753 0.4 1.2
Poi 754 0.45 1.2
Poi 755 0.5 1.2
Poi 756 0.55 1.2
Poi 757 0.6 1.2
Poi 758 0.65 1.2
Poi 759 0.7 1.2
Poi 760 0.75 1.2
Poi 761 0.8 1.2
Poi 762 0.85 1.2
Poi 763 0.9 1.2
Poi 764 0.95 1.2
Poi 765 1 1.2
Poi 766 1.05 1.2
Poi 767 1.1 1.2
Poi 768 1.15 1.2
Poi 769 1.2 1.2
Poi 770 1.25 1.2
Poi 771 1.3 1.2
Poi 772 1.35 1.2
Poi 773 1.4 1.2
Poi 774 1.45 1.2
Poi 775 1.5 1.2
Poi 776 0 1.25
Poi 777 0.05 1.25
Poi 778 0.1 1.25
Poi 779 0.15 1.25
Poi 780 0.2 1.25
Poi 781 0.25 1.25
Poi 782 0.3 1.25
Poi 783 0.35 1.25
Poi 784 0.4 1.25
Poi 785 0.45 1.25
Poi 786 0.5 1.25
Poi 787 0.55 1.25
Poi 788 0.6 1.25
Poi 789 0.65 1.25
Poi 790 0.7 1.25
Poi 791 0.75 1.25
Poi 792 0.8 1.25
Poi 793 0.85 1.25
Poi 794 0.9 1.25
Poi 795 0.95 1.25
Poi 796 1 1.25
Poi 797 1.05 1.25
Poi 798 1.1 1.25
Poi 799 1.15 1.25
Poi 800 1.2 1.25
Poi 801 1.25 1.25
Poi 802 1.3 1.25
Poi 803 1.35 1.25
Poi 804 1.4 1.25
Poi 805 1.45 1.25
Poi 806 1.5 1.25
Poi 807 0 1.3
Poi 808 0.05 1.3
Poi 809 0.1 1.3
Poi 810 0.15 1.3
Poi 811 0.2 1.3
Poi 812 0.25 1.3
Poi 813 0.3 1.3
Poi 814 0.35 1.3
Poi 815 0.4 1.3
Poi 816 0.45 1.3
Poi 817 0.5 1.3
Poi 818 0.55 1.3
Poi 819 0.6 1.3
Poi 820 0.65 1.3
Poi 821 0.7 1.3
Poi 822 0.75 1.3
Poi 823 0.8 1.3
Poi 824 0.85 1.3
Poi 825 0.9 1.3
Poi 826 0.95 1.3
Poi 827 1 1.3
Poi 828 1.05 1.3
Poi 829 1.1 1.3
Poi 830 1.15 1.3
Poi 831 1.2 1.3
Poi 832 1.25 1.3
Poi 833 1.3 1.3
Poi 834 1.35 1.3
Poi 835 1.4 1.3
Poi 836 1.45 1.3
Poi 837 1.5 1.3
Poi 838 0 1.35
Poi 839 0.05 1.35
Poi 840 0.1 1.35
Poi 841 0.15 1.35
Poi 842 0.2 1.35
Poi 843 0.25 1.35
Poi 844 0.3 1.35
Poi 845 0.35 1.35
Poi 846 0.4 1.35
Poi 847 0.45 1.35
Poi 848 0.5 1.35
Poi 849 0.55 1.35
Poi 850 0.6 1.35
Poi 851 0.65 1.35
Poi 852 0.7 1.35
Poi 853 0.75 1.35
Poi 854 0.8 1.35
Poi 855 0.85 1.35
Poi 856 0.9 1.35
Poi 857 0.95 1.35
Poi 858 1 1.35
Poi 859 1.05 1.35
Poi 860 1.1 1.35
Poi 861 1.15 1.35
Poi 862 1.2 1.35
Poi 863 1.25 1.35
Poi 864 1.3 1.35
Poi 865 1.35 1.35
Poi 866 1.4 1.35
Poi 867 1.45 1.35
Poi 868 1.5 1.35
Poi 869 0 1.4
Poi 870 0.05 1.4
Poi 871 0.1 1.4
Poi 872 0.15 1.4
Poi 873 0.2 1.4
Poi 874 0.25 1.4
Poi 875 0.3 1.4
Poi 876 0.35 1.4
Poi 877 0.4 1.4
Poi 878 0.45 1.4
Poi 879 0.5 1.4
Poi 880 0.55 1.4
Poi 881 0.6 1.4
Poi 882 0.65 1.4
Poi 883 0.7 1.4
Poi 884 0.75 1.4
Poi 885 0.8 1.4
Poi 886 0.85 1.4
Poi 887 0.9 1.4
Poi 888 0.95 1.4
Poi 889 1 1.4
Poi 890 1.05 1.4
Poi 891 1.1 1.4
Poi 892 1.15 1.4
Poi 893 1.2 1.4
Poi 894 1.25 1.4
Poi 895 1.3 1.4
Poi 896 1.35 1.4
Poi 897 1.4 1.4
Poi 898 1.45 1.4
Poi 899 1.5 1.4
Poi 900 0 1.45
Poi 901 0.05 1.45
Poi 902 0.1 1.45
Poi 903 0.15 1.45
Poi 904 0.2 1.45
Poi 905 0.25 1.45
Poi 906 0.3 1.45
Poi 907 0.35 1.45
Poi 908 0.4 1.45
Poi 909 0.45 1.45
Poi 910 0.5 1.45
Poi 911 0.55 1.45
Poi 912 0.6 1.45
Poi 913 0.65 1.45
Poi 914 0.7 1.45
Poi 915 0.75 1.45
Poi 916 0.8 1.45
Poi 917 0.85 1.45
Poi 918 0.9 1.45
Poi 919 0.95 1.45
Poi 920 1 1.45
Poi 921 1.05 1.45
Poi 922 1.1 1.45
Poi 923 1.15 1.45
Poi 924 1.2 1.45
Poi 925 1.25 1.45
Poi 926 1.3 1.45
Poi 927 1.35 1.45
Poi 928 1.4 1.45
Poi 929 1.45 1.45
Poi 930 1.5 1.45
Poi 931 0 1.5
Poi 932 0.05 1.5
Poi 933 0.1 1.5
Poi 934 0.15 1.5
Poi 935 0.2 1.5
Poi 936 0.25 1.5
Poi 937 0.3 1.5
Poi 938 0.35 1.5
Poi 939 0.4 1.5
Poi 940 0.45 1.5
Poi 941 0.5 1.5
Poi 942 0.55 1.5
Poi 943 0.6 1.5
Poi 944 0.65 1.5
Poi 945 0.7 1.5
Poi 946 0.75 1.5
Poi 947 0.8 1.5
Poi 948 0.85 1.5
Poi 949 0.9 1.5
Poi 950 0.95 1.5
Poi 951 1 1.5
Poi 952 1.05 1.5
Poi 953 1.1 1.5
Poi 954 1.15 1.5
Poi 955 1.2 1.5
Poi 956 1.25 1.5
Poi 957 1.3 1.5
Poi 958 1.35 1.5
Poi 959 1.4 1.5
Poi 960 1.45 1.5
Poi 961 1.5 1.5
nMark = 4
Marker_Tag_ 1 = Bottom
nBottom = 30
Bottom 3e 1 2 ConsT 60 60
Bottom 3e 2 3 ConsT 60 60
Bottom 3e 3 4 ConsT 60 60
Bottom 3e 4 5 ConsT 60 60
Bottom 3e 5 6 ConsT 60 60
Bottom 3e 6 7 ConsT 60 60
Bottom 3e 7 8 ConsT 60 60
Bottom 3e 8 9 ConsT 60 60
Bottom 3e 9 10 ConsT 60 60
Bottom 3e 10 11 ConsT 60 60
Bottom 3e 11 12 ConsT 60 60
Bottom 3e 12 13 ConsT 60 60
Bottom 3e 13 14 ConsT 60 60
Bottom 3e 14 15 ConsT 60 60
Bottom 3e 15 16 ConsT 60 60
Bottom 3e 16 17 ConsT 60 60
Bottom 3e 17 18 ConsT 60 60
Bottom 3e 18 19 ConsT 60 60
Bottom 3e 19 20 ConsT 60 60
Bottom 3e 20 21 ConsT 60 60
Bottom 3e 21 22 ConsT 60 60
Bottom 3e 22 23 ConsT 60 60
Bottom 3e 23 24 ConsT 60 60
Bottom 3e 24 25 ConsT 60 60
Bottom 3e 25 26 ConsT 60 60
Bottom 3e 26 27 ConsT 60 60
Bottom 3e 27 28 ConsT 60 60
Bottom 3e 28 29 ConsT 60 60
Bottom 3e 29 30 ConsT 60 60
Bottom 3e 30 31 ConsT 60 60
Marker_Tag_ 2 = Right
nRight = 30
Right 3e 31 62 Convec 30 100
Right 3e 62 93 Convec 30 100
Right 3e 93 124 Convec 30 100
Right 3e 124 155 Convec 30 100
Right 3e 155 186 Convec 30 100
Right 3e 186 217 Convec 30 100
Right 3e 217 248 Convec 30 100
Right 3e 248 279 Convec 30 100
Right 3e 279 310 Convec 30 100
Right 3e 310 341 Convec 30 100
Right 3e 341 372 Convec 30 100
Right 3e 372 403 Convec 30 100
Right 3e 403 434 Convec 30 100
Right 3e 434 465 Convec 30 100
Right 3e 465 496 Convec 30 100
Right 3e 496 527 Convec 30 100
Right 3e 527 558 Convec 30 100
Right 3e 558 589 Convec 30 100
Right 3e 589 620 Convec 30 100
Right 3e 620 651 Convec 30 100
Right 3e 651 682 Convec 30 100
Right 3e 682 713 Convec 30 100
Right 3e 713 744 Convec 30 100
Right 3e 744 775 Convec 30 100
Right 3e 775 806 Convec 30 100
Right 3e 806 837 Convec 30 100
Right 3e 837 868 Convec 30 100
Right 3e 868 899 Convec 30 100
Right 3e 899 930 Convec 30 100
Right 3e 930 961 Convec 30 100
Marker_Tag_ 3 = Top
nTop = 30
Top 3e 961 960 HFlux 0
Top 3e 960 959 HFlux 0
Top 3e 959 958 HFlux 0
Top 3e 958 957 HFlux 0
Top 3e 957 956 HFlux 0
Top 3e 956 955 HFlux 0
Top 3e 955 954 HFlux 0
Top 3e 954 953 HFlux 0
Top 3e 953 952 HFlux 0
Top 3e 952 951 HFlux 0
Top 3e 951 950 HFlux 0
Top 3e 950 949 HFlux 0
Top 3e 949 948 HFlux 0
Top 3e 948 947 HFlux 0
Top 3e 947 946 HFlux 0
Top 3e 946 945 HFlux 0
Top 3e 945 944 HFlux 0
Top 3e 944 943 HFlux 0
Top 3e 943 942 HFlux 0
Top 3e 942 941 HFlux 0
Top 3e 941 940 HFlux 0
Top 3e 940 939 HFlux 0
Top 3e 939 938 HFlux 0
Top 3e 938 937 HFlux 0
Top 3e 937 936 HFlux 0
Top 3e 936 935 HFlux 0
Top 3e 935 934 HFlux 0
Top 3e 934 933 HFlux 0
Top 3e 933 932 HFlux 0
Top 3e 932 931 HFlux 0
Marker_Tag_ 4 = Left
nLeft = 30
Left 3e 32 1 HFlux 0
Left 3e 63 32 HFlux 0
Left 3e 94 63 HFlux 0
Left 3e 125 94 HFlux 0
Left 3e 156 125 HFlux 0
Left 3e 187 156 HFlux 0
Left 3e 218 187 HFlux 0
Left 3e 249 218 HFlux 0
Left 3e 280 249 HFlux 0
Left 3e 311 280 HFlux 0
Left 3e 342 311 HFlux 0
Left 3e 373 342 HFlux 0
Left 3e 404 373 HFlux 0
Left 3e 435 404 HFlux 0
Left 3e 466 435 HFlux 0
Left 3e 497 466 HFlux 0
Left 3e 528 497 HFlux 0
Left 3e 559 528 HFlux 0
Left 3e 590 559 HFlux 0
Left 3e 621 590 HFlux 0
Left 3e 652 621 HFlux 0
Left 3e 683 652 HFlux 0
Left 3e 714 683 HFlux 0
Left 3e 745 714 HFlux 0
Left 3e 776 745 HFlux 0
Left 3e 807 776 HFlux 0
Left 3e 838 807 HFlux 0
Left 3e 869 838 HFlux 0
Left 3e 900 869 HFlux 0
Left 3e 931 900 HFlux 0
